3040.000000 0.000000
261.687482 1318.749928
-64.000000 649.802905
-171.863238 415.452954
-32.000000 160.874864
-0.124419 271.502322
-64.000000 210.979725
-108.717004 162.868017
-32.000000 77.254834
-30.170842 151.316631
-64.000000 119.735578
-90.694387 90.777549
-32.000000 47.891384
-42.426497 102.294010
-64.000000 77.984226
-81.653280 54.613118
-32.000000 32.000000
-49.498445 74.006219
-64.000000 52.523443
-75.866409 31.465635
-32.000000 21.381716
-54.409969 54.360124
-64.000000 34.208713
-71.567436 14.269746
-32.000000 13.254834
-58.275108 38.899566
-64.000000 19.414188
-68.007791 0.031165
-32.000000 6.365196
-61.626624 25.493503
-64.000000 6.303450
-64.786030 -12.855882
-32.000000 0.000000
-64.786030 12.855882
-64.000000 -6.303450
-61.626624 -25.493503
-32.000000 -6.365196
-68.007791 -0.031165
-64.000000 -19.414188
-58.275108 -38.899566
-32.000000 -13.254834
-71.567436 -14.269746
-64.000000 -34.208713
-54.409969 -54.360124
-32.000000 -21.381716
-75.866409 -31.465635
-64.000000 -52.523443
-49.498445 -74.006219
-32.000000 -32.000000
-81.653280 -54.613118
-64.000000 -77.984226
-42.426497 -102.294010
-32.000000 -47.891384
-90.694387 -90.777549
-64.000000 -119.735578
-30.170842 -151.316631
-32.000000 -77.254834
-108.717004 -162.868017
-64.000000 -210.979725
-0.124419 -271.502322
-32.000000 -160.874864
-171.863238 -415.452954
-64.000000 -649.802905
261.687482 -1318.749928
