8019.000000 0.000000
302.709518 -104.768628
-211.603377 360.665633
412.015228 80.194891
179.058520 37.082328
-216.661122 60.493634
518.011632 785.143719
107.329090 41.829271
-133.485281 170.453752
337.134446 -1257.707627
234.456027 33.054632
289.741046 -345.286526
36.275737 -534.165414
476.256362 -130.935560
94.933648 -792.457634
-240.875520 -469.434718
221.000000 -968.000000
495.680197 423.505783
369.684932 184.544879
119.667585 296.993779
212.469429 -319.621258
-290.178754 191.055576
130.147954 524.547238
38.437200 14.643666
-116.514719 -597.546248
199.600103 293.635239
509.530707 -387.018796
-655.212812 -182.836683
160.196314 -228.373516
-14.685540 807.469413
154.838476 682.013024
-32.957026 1358.644151
-801.000000 0.000000
-32.957026 -1358.644151
154.838476 -682.013024
-14.685540 -807.469413
160.196314 228.373516
-655.212812 182.836683
509.530707 387.018796
199.600103 -293.635239
-116.514719 597.546248
38.437200 -14.643666
130.147954 -524.547238
-290.178754 -191.055576
212.469429 319.621258
119.667585 -296.993779
369.684932 -184.544879
495.680197 -423.505783
221.000000 968.000000
-240.875520 469.434718
94.933648 792.457634
476.256362 130.935560
36.275737 534.165414
289.741046 345.286526
234.456027 -33.054632
337.134446 1257.707627
-133.485281 -170.453752
107.329090 -41.829271
518.011632 -785.143719
-216.661122 -60.493634
179.058520 -37.082328
412.015228 -80.194891
-211.603377 -360.665633
302.709518 104.768628
