7338.000000 0.000000
291.837774 140.484805
487.923736 165.910288
-204.540660 -216.927025
-152.743071 469.519360
1270.323390 123.692471
7.269206 185.650390
-229.702172 -208.510011
447.601551 -141.218867
-255.100110 -310.674042
232.704642 5.643744
-883.923099 -105.225451
-306.297051 -579.352726
604.470277 822.314722
-709.202584 291.809459
403.839650 316.027360
457.000000 25.000000
-555.290809 198.916416
9.536096 41.777898
-867.691120 210.019423
55.642289 503.767115
-366.600436 66.265509
-3.865925 -605.266327
-562.528243 82.296828
228.398449 -519.218867
-84.428414 -383.478905
487.283129 -203.720576
-438.941693 -537.520305
-564.602167 -271.360799
-284.576891 -408.878153
-535.648300 -158.582168
34.852555 -315.517996
860.000000 0.000000
34.852555 315.517996
-535.648300 158.582168
-284.576891 408.878153
-564.602167 271.360799
-438.941693 537.520305
487.283129 203.720576
-84.428414 383.478905
228.398449 519.218867
-562.528243 -82.296828
-3.865925 605.266327
-366.600436 -66.265509
55.642289 -503.767115
-867.691120 -210.019423
9.536096 -41.777898
-555.290809 -198.916416
457.000000 -25.000000
403.839650 -316.027360
-709.202584 -291.809459
604.470277 -822.314722
-306.297051 579.352726
-883.923099 105.225451
232.704642 -5.643744
-255.100110 310.674042
447.601551 141.218867
-229.702172 208.510011
7.269206 -185.650390
1270.323390 -123.692471
-152.743071 -469.519360
-204.540660 216.927025
487.923736 -165.910288
291.837774 -140.484805
