7660.000000 0.000000
-135.128362 47.659586
923.472931 385.699961
-41.117556 73.206350
510.063526 446.037248
-580.620216 -406.900363
70.070047 -626.985705
-432.939532 -618.516779
-147.987807 432.112698
-208.501292 -186.755329
431.604140 470.435153
29.337949 162.997092
-61.260784 513.959414
340.621075 -74.590636
307.870523 -3.087502
118.829881 317.856630
326.000000 -1034.000000
169.638232 436.587361
255.644188 -500.482334
-374.527260 -388.248482
-281.020528 -210.287410
299.422689 330.656907
88.630633 -38.939864
-13.959389 -93.191510
-230.012193 -369.887302
-219.156494 173.770359
298.367185 470.427300
342.316642 132.456276
-119.782213 205.790424
-458.247465 -101.116287
-15.659648 -128.906849
-275.968905 -407.247979
-468.000000 0.000000
-275.968905 407.247979
-15.659648 128.906849
-458.247465 101.116287
-119.782213 -205.790424
342.316642 -132.456276
298.367185 -470.427300
-219.156494 -173.770359
-230.012193 369.887302
-13.959389 93.191510
88.630633 38.939864
299.422689 -330.656907
-281.020528 210.287410
-374.527260 388.248482
255.644188 500.482334
169.638232 -436.587361
326.000000 1034.000000
118.829881 -317.856630
307.870523 3.087502
340.621075 74.590636
-61.260784 -513.959414
29.337949 -162.997092
431.604140 -470.435153
-208.501292 186.755329
-147.987807 -432.112698
-432.939532 618.516779
70.070047 626.985705
-580.620216 406.900363
510.063526 -446.037248
-41.117556 -73.206350
923.472931 -385.699961
-135.128362 -47.659586
