8546.000000 0.000000
413.041825 63.430745
245.763304 121.569182
428.557376 -28.000476
109.947911 -116.892180
189.080156 160.686028
418.898552 -41.629706
-465.553755 -1421.343966
-448.873629 112.792460
516.986842 -138.542047
134.399929 84.743738
43.254828 -132.526793
37.032653 103.504018
-207.011896 -500.267413
629.702187 238.277138
-98.852096 -328.494646
-115.000000 19.000000
235.570521 -222.291795
-50.438192 689.924912
-268.933199 674.192941
794.718790 417.888795
341.348868 -195.323353
86.876782 -8.314121
81.581687 -287.450295
-255.126371 462.792460
163.948272 -99.293525
-92.155060 140.293099
-37.555006 72.558024
-621.699353 -394.507404
-447.896681 951.365665
514.952498 -63.802379
936.432259 -769.170483
836.000000 0.000000
936.432259 769.170483
514.952498 63.802379
-447.896681 -951.365665
-621.699353 394.507404
-37.555006 -72.558024
-92.155060 -140.293099
163.948272 99.293525
-255.126371 -462.792460
81.581687 287.450295
86.876782 8.314121
341.348868 195.323353
794.718790 -417.888795
-268.933199 -674.192941
-50.438192 -689.924912
235.570521 222.291795
-115.000000 -19.000000
-98.852096 328.494646
629.702187 -238.277138
-207.011896 500.267413
37.032653 -103.504018
43.254828 132.526793
134.399929 -84.743738
516.986842 138.542047
-448.873629 -112.792460
-465.553755 1421.343966
418.898552 41.629706
189.080156 -160.686028
109.947911 116.892180
428.557376 28.000476
245.763304 -121.569182
413.041825 -63.430745
