7536.000000 0.000000
85.299121 729.290577
-280.431704 -485.159142
169.931968 825.267102
430.717787 316.841250
-210.807925 253.839390
-687.655140 518.287221
-563.910884 238.282292
94.798990 -404.407071
-595.369833 -218.354563
-636.525622 -339.814072
259.149940 -375.104748
456.381295 153.579058
307.158262 31.501948
-385.008107 536.548375
-588.640565 266.236043
-82.000000 -204.000000
-108.779851 402.525792
481.913603 -195.719059
-266.546513 387.933726
-163.903156 -370.417983
96.301159 -470.551855
-178.365168 -308.429751
353.204220 91.450367
55.201010 681.592929
237.776041 141.938185
700.541747 -338.529469
-582.331123 264.004742
124.804075 164.844208
597.446972 -497.716366
337.530391 -289.627586
-21.880991 -29.596416
696.000000 0.000000
-21.880991 29.596416
337.530391 289.627586
597.446972 497.716366
124.804075 -164.844208
-582.331123 -264.004742
700.541747 338.529469
237.776041 -141.938185
55.201010 -681.592929
353.204220 -91.450367
-178.365168 308.429751
96.301159 470.551855
-163.903156 370.417983
-266.546513 -387.933726
481.913603 195.719059
-108.779851 -402.525792
-82.000000 204.000000
-588.640565 -266.236043
-385.008107 -536.548375
307.158262 -31.501948
456.381295 -153.579058
259.149940 375.104748
-636.525622 339.814072
-595.369833 218.354563
94.798990 404.407071
-563.910884 -238.282292
-687.655140 -518.287221
-210.807925 -253.839390
430.717787 -316.841250
169.931968 -825.267102
-280.431704 485.159142
85.299121 -729.290577
